"","Date","Max","Min","GDDDaily","K25-K28","K29-K32","S12-S16"
"1","05/16/2022",72.1,48.9,11.05,11.05,NA,NA
"2","5/17/2021",69.1,41,9.55,20.6,9.55,NA
"3","5/18/2021",60.1,46.9,5.05,25.65,14.6,5.05
"4","5/19/2021",75.9,47.8,12.95,38.6,27.55,18
"5","5/20/2021",63.5,54.1,8.8,47.4,36.35,26.8
"6","5/21/2021",61.6,47.7,5.8,53.2,42.15,32.6
"7","5/22/2021",55.7,37.5,2.85,56.05,45,35.45
"8","5/23/2021",61,31.8,5.5,61.55,50.5,40.95
"9","5/24/2022",66,38.1,8,69.55,58.5,48.95
"10","5/25/2022",55,46.9,2.5,72.05,61,51.45
"11","5/26/2022",64.5,53.3,8.9,80.95,69.9,60.35
"12","5/27/2022",70.9,48.9,10.45,91.4,80.35,70.8
"13","5/28/2022",74.1,48.9,12.05,103.45,92.4,82.85
"14","5/29/2022",81.1,57.9,19.5,122.95,111.9,102.35
"15","5/30/2022",91,66,26,148.95,137.9,128.35
"16","5/31/2022",82,67.8,24.9,173.85,162.8,153.25
"17","6/1/2022",70.5,52.8,11.65,185.5,174.45,164.9
"18","6/2/2022",72.1,48.9,11.05,196.55,185.5,175.95
"19","6/3/2022",70.9,45.1,10.45,207,195.95,186.4
"20","6/4/2022",66.9,43.2,8.45,215.45,204.4,194.85
"21","6/5/2022",63.1,52.2,7.65000000000001,223.1,212.05,202.5
"22","6/6/2022",67.8,54.1,10.95,234.05,223,213.45
"23","6/7/2022",72.1,47.8,11.05,245.1,234.05,224.5
"24","6/8/2022",67.8,53.1,10.45,255.55,244.5,234.95
"25","6/9/2022",75,46.9,12.5,268.05,257,247.45
"26","6/10/2022",75.9,51.1,13.5,281.55,270.5,260.95
"27","6/11/2022",67.8,55.9,11.85,293.4,282.35,272.8
"28","6/12/2022",72.1,54.1,13.1,306.5,295.45,285.9
"29","6/13/2022",73,53.1,13.05,319.55,308.5,298.95
"30","6/14/2022",94.1,64,25,344.55,333.5,323.95
"31","6/15/2022",87.1,70,28,372.55,361.5,351.95
"32","6/16/2022",82,58.8,20.4,392.95,381.9,372.35
"33","6/17/2022",79.9,55.9,17.9,410.85,399.8,390.25
"34","6/18/2022",73,44.1,11.5,422.35,411.3,401.75
"35","6/19/2022",82,48.9,16,438.35,427.3,417.75
"36","6/20/2022",94.1,64,25,463.35,452.3,442.75
"37","6/21/2022",94.1,73,29.5,492.85,481.8,472.25
"38","6/22/2022",81.1,61.9,21.5,514.35,503.3,493.75
"39","6/23/2022",85.8,55,20.4,534.75,523.7,514.15
"40","6/24/2022",88.9,64,25,559.75,548.7,539.15
"41","6/25/2022",76.8,66,21.4,581.15,570.1,560.55
"42","6/26/2022",72.1,55,13.55,594.7,583.65,574.1
"43","6/27/2022",75,46.9,12.5,607.2,596.15,586.6
"44","6/28/2022",78.1,53.1,15.6,622.8,611.75,602.2
"45","6/29/2022",79.9,53.1,16.5,639.3,628.25,618.7
"46","6/30/2022",85.8,65.1,25.45,664.75,653.7,644.15
"47","7/1/2022",79,58.8,18.9,683.65,672.6,663.05
"48","7/2/2022",79,54.1,16.55,700.2,689.15,679.6
"49","7/3/2022",84.5,52.3,18.4,718.6,707.55,698
"50","7/4/2022",81.1,61.9,21.5,740.1,729.05,719.5
"51","7/5/2022",87.1,67.8,26.9,767,755.95,746.4
"52","7/6/2022",75,61,18,785,773.95,764.4
"53","7/7/2022",79.9,60.1,20,805,793.95,784.4
"54","7/8/2022",75.9,64,19.95,824.95,813.9,804.35
"55","7/9/2022",79,48.9,14.5,839.45,828.4,818.85
"56","7/10/2022",82,53.1,17.55,857,845.95,836.4
"57","7/11/2022",84,67.8,25.9,882.9,871.85,862.3
"58","7/12/2022",81.1,60.1,20.6,903.5,892.45,882.9
"59","7/13/2022",75,56.8,15.9,919.4,908.35,898.8
"60","7/14/2022",78.1,52.2,15.15,934.55,923.5,913.95
"61","7/15/2022",70.9,57.9,14.4,948.95,937.9,928.35
"62","7/16/2022",81.1,58.8,19.95,968.9,957.85,948.3
"63","7/17/2022",84,60.1,22.05,990.95,979.9,970.35
"64","7/18/2022",88,61,23.5,1014.45,1003.4,993.85
"65","7/19/2022",88,69.1,27.55,1042,1030.95,1021.4
"66","7/20/2022",81.1,67.8,24.45,1066.45,1055.4,1045.85
"67","7/21/2022",85.8,61,23.4,1089.85,1078.8,1069.25
"68","7/22/2022",85.8,57.9,21.85,1111.7,1100.65,1091.1
"69","7/23/2022",88.9,65.1,25.55,1137.25,1126.2,1116.65
"70","7/24/2022",78.1,65.1,21.6,1158.85,1147.8,1138.25
"71","7/25/2022",75,53.1,14.05,1172.9,1161.85,1152.3
"72","7/26/2022",79.9,56.8,18.35,1191.25,1180.2,1170.65
"73","7/27/2022",79.9,63.1,21.5,1212.75,1201.7,1192.15
"74","7/28/2022",75,55.9,15.45,1228.2,1217.15,1207.6
"75","7/29/2022",75.9,53.1,14.5,1242.7,1231.65,1222.1
"76","7/30/2022",82,53.1,17.55,1260.25,1249.2,1239.65
"77","7/31/2022",84,55,19.5,1279.75,1268.7,1259.15
"78","8/1/2022",79.9,66,22.95,1302.7,1291.65,1282.1
"79","8/2/2022",85.8,55,20.4,1323.1,1312.05,1302.5
"80","8/3/2022",87.1,75,30.5,1353.6,1342.55,1333
"81","8/4/2022",82,56.8,19.4,1373,1361.95,1352.4
"82","8/5/2022",85.8,57.9,21.85,1394.85,1383.8,1374.25
"83","8/6/2022",92.1,65.1,25.55,1420.4,1409.35,1399.8
"84","8/7/2022",78.1,66.9,22.5,1442.9,1431.85,1422.3
"85","8/8/2022",72.1,58.8,15.45,1458.35,1447.3,1437.75
"86","8/9/2022",79,49.8,14.5,1472.85,1461.8,1452.25
"87","8/10/2022",84,55.9,19.95,1492.8,1481.75,1472.2
"88","8/11/2022",78.1,55,16.55,1509.35,1498.3,1488.75
"89","8/12/2022",69.1,48.9,9.55,1518.9,1507.85,1498.3
"90","8/13/2022",76.8,56.8,16.8,1535.7,1524.65,1515.1
"91","8/14/2022",72.1,60.1,16.1,1551.8,1540.75,1531.2
"92","8/15/2022",76.8,55,15.9,1567.7,1556.65,1547.1
"93","8/16/2022",79.9,55,17.45,1585.15,1574.1,1564.55
"94","8/17/2022",81.1,52.2,16.65,1601.8,1590.75,1581.2
"95","8/18/2022",79.9,55,17.45,1619.25,1608.2,1598.65
"96","8/19/2022",78.1,60.1,19.1,1638.35,1627.3,1617.75
"97","8/20/2022",75,60.1,17.55,1655.9,1644.85,1635.3
"98","8/21/2022",79,58.8,18.9,1674.8,1663.75,1654.2
"99","8/22/2022",81.1,52.2,16.65,1691.45,1680.4,1670.85
"100","8/23/2022",83.1,55.9,19.5,1710.95,1699.9,1690.35
"101","8/24/2022",84,57.9,20.95,1731.9,1720.85,1711.3
"102","8/25/2022",75.9,61,18.45,1750.35,1739.3,1729.75
"103","8/26/2022",79,52.2,15.6,1765.95,1754.9,1745.35
"104","8/27/2022",79,54.1,16.55,1782.5,1771.45,1761.9
"105","8/28/2022",75,63.1,19.05,1801.55,1790.5,1780.95
"106","8/29/2022",83.1,67.8,25.45,1827,1815.95,1806.4
"107","8/30/2022",76.8,55.9,16.35,1843.35,1832.3,1822.75
"108","8/31/2022",83.1,55,19.05,1862.4,1851.35,1841.8
"109","9/1/2022",87.1,55.9,20.95,1883.35,1872.3,1862.75
"110","9/2/2022",79.7,63.8,21.75,1905.1,1894.05,1884.5
"111","9/3/2022",74.1,63.1,18.6,1923.7,1912.65,1903.1
"112","9/4/2022",72.1,46,11.05,1934.75,1923.7,1914.15
"113","9/5/2022",74.1,48.9,12.05,1946.8,1935.75,1926.2
"114","9/6/2022",75.9,48.9,12.95,1959.75,1948.7,1939.15
"115","9/7/2022",82,52.2,17.1,1976.85,1965.8,1956.25
"116","9/8/2022",84,57.9,20.95,1997.8,1986.75,1977.2
"117","9/9/2022",83.1,58.8,20.95,2018.75,2007.7,1998.15
"118","9/10/2022",66,58.8,12.4,2031.15,2020.1,2010.55
"119","9/11/2022",61,52.2,6.6,2037.75,2026.7,2017.15
"120","9/12/2022",60.1,52.2,6.15000000000001,2043.9,2032.85,2023.3
"121","9/13/2022",76.8,44.1,13.4,2057.3,2046.25,2036.7
"122","9/14/2022",73,49.8,11.5,2068.8,2057.75,2048.2
"123","9/15/2022",79,51.1,15.05,2083.85,2072.8,2063.25
"124","9/16/2022",81.1,57.9,19.5,2103.35,2092.3,2082.75
"125","9/17/2022",81.1,61,21.05,2124.4,2113.35,2103.8
"126","9/18/2022",78.1,63.1,20.6,2145,2133.95,2124.4
"127","9/19/2022",79,53.1,16.05,2161.05,2150,2140.45
"128","9/20/2022",82,55,18.5,2179.55,2168.5,2158.95
"129","9/21/2022",67.8,60.1,13.95,2193.5,2182.45,2172.9
"130","9/22/2022",60.1,41.9,5.05,2198.55,2187.5,2177.95
"131","9/23/2022",63.1,34,6.55,2205.1,2194.05,2184.5
"132","9/24/2022",61,46.9,5.5,2210.6,2199.55,2190
"133","9/25/2022",63.1,48.9,6.55,2217.15,2206.1,2196.55
"134","9/26/2022",56.8,45.1,3.4,2220.55,2209.5,2199.95
"135","9/27/2022",52.2,34.9,1.1,2221.65,2210.6,2201.05
"136","9/28/2022",56.8,31.8,3.4,2225.05,2214,2204.45
"137","9/29/2022",61.9,30,5.95,2231,2219.95,2210.4
"138","9/30/2022",65.1,36.1,7.55,2238.55,2227.5,2217.95
"139","10/1/2022",69.1,38.1,9.55,2248.1,2237.05,2227.5
"140","10/2/2022",66,48.9,8,2256.1,2245.05,2235.5
